function [ex_force,N,C_s_in,C_b_in,nodes,groups,num_qa] = input_var
%% 外力ex_force
% ex_force=[0 0 -10000 zeros(1,82)]';  % 自由节点共51-8,9=43,42个（施加节点力），杆件平衡方程共6（一根杆件6个平衡方程）×7（杆件数）=42个（补零），共85,84个 

ex_force=[0 0 0 0 0 -10000 zeros(1,81)]';

% ex_force=[0 0 0 0 0 0 0 0 -10000 zeros(1,84)]';

%% 手动输入参数N（全部坐标节点的坐标向量x,y,z） 
N=[-1 0 0;0 0 0.5;0.5 -sqrt(3/4) 0;0.5 sqrt(3/4) 0;0 0 -1]'; % 1 2 3 4 5 6 7 8
%% 手动输入参数C_s_in和C_b_in得到C（索1，2，3，4和杆1，2的连接索引）
C_s_in = [];    % This is indicating that string connection
C_b_in = [1 2;2 3;2 4;2 5;1 5;3 5;4 5];  % C_b_in决定了杆的顺序和方向,groupi向量依此顺序（Similarly, this is saying 1-->2,2-->3,...）
%% 铰节点处理
nodes=[1,2,3,4,5,6,7,8,9,10,11,12,13,14,15,16,17,18,19,20,21,22,23,24,25,26,27,28,29,30,31,32,33,34,35,36,37,38,39,40,41,42,43,44,45,46,47,48,49,50,51];  % num=numel(nodes);% 全部编码节点（参考结构力学2铰节点处理中的重节点技巧）
group1=[1,2,3,4,5,6,7,8,9,10,11,12];group2=[7,8,9,10,11,12,13,14,15,16,17,18];group3=[7,8,9,10,11,12,19,20,21,22,23,24];group4=[7,8,9,25,26,27,28,29,30,31,32,33];group5=[1,2,3,34,35,36,28,29,30,37,38,39];group6=[13,14,15,40,41,42,28,29,30,43,44,45];group7=[19,20,21,46,47,48,28,29,30,49,50,51];
groups={group1,group2,group3,group4,group5,group6,group7};  % 分组按节点顺序从小到大排列
%% num_qa：自由节点
% num_qa=[7 8 9 10 11 12 13   15 16 17 18 19 20   22 23 24 25 26 27 28 29 30 31 32 33 34 35 36 37 38 39 40 41 42 43 44 45 46 47 48 49 50 51]';  % num_qa：自由节点

num_qa=[      4 5 6 7 8 9 10 11 12 13 14   16 17 18   20   22 23 24 25 26 27 28 29 30 31 32 33 34 35 36 37 38 39 40 41 42 43 44 45 46 47 48 49 50 51]';

% num_qa=[ 1 2 3 4 5 6 7 8 9 10 11 12 13 14 15 16 17 18 19 20 21 22 23 24 25 26 27 28 29 30 31 32 33 34 35 36 37 38 39 40 41 42 43 44 45 46 47 48 49 50 51]';

end


