function [ex_force,N,C_s_in,C_b_in,nodes,groups,num_qa] = input_var
%% 外力ex_force
ex_force=[0 0 10000 0 0 10000 0 0 10000 zeros(1,56)]';  % 自由节点共35-3=32个（施加节点力），杆件平衡方程共3（一根杆件3个平衡方程）×11（杆件数）=33个（补零），共65个 
%% 手动输入参数N（全部坐标节点的坐标向量x,y,z） 
N=[0 0 0;1 -1 0;2 -1.5 0;3 -1 0;4 0 0;3 1 0;2 1.5 0;1 1 0]'; % 1 2 3 4 5 6 7 8
%% 手动输入参数C_s_in和C_b_in得到C（索1，2，3，4和杆1，2的连接索引）
C_s_in = [];    % This is indicating that string connection
C_b_in = [1 2;2 3;3 4;4 5;2 8;3 7;4 6;1 8;8 7;7 6;6 5];  % C_b_in决定了杆的顺序和方向,groupi向量依此顺序（Similarly, this is saying 1-->2,2-->3,...）
%% 铰节点处理
nodes=[1,2,3,4,5,6,7,8,9,10,11,12,13,14,15,16,17,18,19,20,21,22,23,24,25,26,27,28,29,30,31,32,33,34,35];  % num=numel(nodes);% 全部编码节点（参考结构力学2铰节点处理中的重节点技巧）
group1=[1,2,3,4,5,6];group2=[4,5,6,7,8,9];group3=[7,8,9,10,11,12];group4=[10,11,12,13,14,15];group5=[4,5,16,17,18,19];group6=[7,8,20,21,22,23];group7=[10,11,24,25,26,27];group8=[1,2,28,17,18,29];group9=[17,18,30,21,22,31];group10=[21,22,32,25,26,33];group11=[25,26,34,13,14,35];
groups={group1,group2,group3,group4,group5,group6,group7,group8,group9,group10,group11};  % 分组按节点顺序从小到大排列
%% num_qa：自由节点
num_qa=[3 4 5 6 7 8 9 10 11 12 13 15 16 17 18 19 20 21 22 23 24 25 26 27 28 29 30 31 32 33 34 35]';  % num_qa：自由节点
end